start=1337.359211
speed=1.500000
fullscreen=yes
