start=1286.683589
speed=1.250000
fullscreen=yes
