start=1368.054667
speed=1.500000
fullscreen=yes
